56086834
43264418
54668439
16475979
213303
55406955
55077140
54842534
169765
54535865
54496513
53581142
53360336
52849063
52858824
52193141
39745008
52048800
15520832
51020927
15926758
28840
3452980
278199
1084189
16614368
17742154
43737602
38761365
41451283
4387459
40434632
19176730
37909513
708939
39102364
2225360
32445271
36655421
26727682
7579244
35912653
2710412
35243252
34966401
34739126
34367031
1691270
33030005
235299
23094922
33762200
31571687
31671321
30430484
1771983
29098145
29030631
28871541
28530127
18850892
2955610
3492948
4425121
4447659
15781018
27616525
2514881
1061784
2719451
378856
7433499
24307347
4028786
23971599
23805681
3498070
23052528
3977554
21906739
463512
9477750
20543686
17852409
20258748
19814834
20059442
5469290
15626330
19338788
17244903
13310268
11687326
17859922
12768373
17219289
17002422
109141
756850
16758540
16188485
15409974
1125446
3571535
225154
14931780
147182
6165775
14166717
14043323
13494429
12910189
11409654
11718986
479739
345825
123089
10152163
193940
9154522
983584
735609
2350829
8044115
7852113
7771781
2169360
7276954
6982123
6763152
6914226
2685484
6136807
5202909
1528117
5811048
5296944
3470789
4954578
4563399
4437669
4294483
4275403
4250117
136542
4009011
3932741
2942027
3717105
3511304
3514193
3040163
2834413
268458
2528402
2462874
2231658
2106215
2036032
1779121
1804995
343034
513230
1803136
933353
1087854
1325672
1203679
742662
596826
378425
304145
307353
250050
161027
