366983
386870
390502
390307
389062
389038
366984
388145
388593
386497
371378
343897
347851
387225
386946
386577
386129
195181
136536
212834
135608
79798
380805
380815
379975
377887
377530
375870
375203
372185
372012
371735
370656
369534
367191
17696
218386
179417
364491
259790
39727
363590
362755
361661
98702
360478
359668
359837
94912
358215
356107
355703
352341
135673
352467
104928
350667
350251
349872
317405
347597
347431
346875
343300
342846
339568
342743
342733
342520
121289
340019
340076
339048
338788
257240
250051
195863
200740
186986
111384
33722
336942
186843
186868
186995
196718
209124
312642
230428
336281
190399
186721
320169
335437
325191
320018
318428
108309
269506
309512
309435
205831
297335
159274
13958
294402
294541
294527
155064
290397
290814
185290
287906
289075
145634
112407
120872
276510
71621
179219
120183
214616
281814
280120
144437
171295
278266
278249
276963
276814
275231
274320
272610
272231
62965
185868
267109
197746
216817
261809
259942
258538
257989
257057
255322
254643
254232
253828
252228
241597
241340
223242
239018
118376
182087
235033
228371
232507
229632
229095
228622
220095
219467
147937
218437
216810
216270
215367
214284
214228
209234
208575
206101
205786
204827
67693
141420
203758
203483
202757
201798
201943
46272
199428
196535
179447
191013
190683
185665
187177
186634
186808
141608
179199
178625
178136
171184
168260
165245
164880
163715
160820
160171
74110
157894
145628
149134
141899
143629
125077
86863
139645
138494
81034
136124
135566
66834
132074
124399
128093
77253
122436
22349
116429
114998
112022
113841
102955
102647
19911
91000
9371
90994
82763
78432
67923
74925
66301
68821
61227
58629
48481
42652
40676
18979
35087
30764
21911
20233
16687
